0,1,2,3,4,5,6,7,8,9,10,11,12,13,14,15,16,17,18,19,20,21,22,23,24,25,26,27,28,29,30,31,32,33,34,35,36,37,38,39,40,41,42,43,44,45,46,47,48,49,50,51,52,53,54,55,56,57,58,59,60,61,62,63,64,65,66,67,68,69,70,71
0.9997041097879737,0.014644700076452698,0.01942229730762814,-0.014867061663684216,0.9998250106557939,0.01135423025264398,-0.01925261931591034,-0.011639623138770044,0.9997468958804845,0.9997934926046247,0.017465600260569196,-0.0103886935167059,-0.01748376059623573,0.9998457696351182,-0.0016598367906200478,0.010358101218831418,0.0018411274524014211,0.9999446584630792,0.9999594299437531,-0.008426838533489134,-0.0031822725991021423,0.008356019350430694,0.9997307388280907,-0.02164778932952007,0.003363838161939628,0.021620319946072906,0.9997605945216334,0.999936707743565,-0.0002722279062230881,-0.011247506342622008,2.4256886371624813e-05,0.9997570670931203,-0.022041011976895817,0.011250774131752555,0.02203934412203037,0.9996937968158586,0.9998554233572664,0.016963804929756295,-0.001166921319677321,-0.01697099094194676,0.9998351670963661,-0.006451674498109282,0.0010572840249916775,0.006470545547816545,0.9999785068644244,0.9998409097437292,0.001976552978305668,-0.01772705393334786,-0.0019519684017035917,0.9999971092485298,0.0014040348794272341,0.017729777838163218,-0.0013692088620252624,0.9998418776211073,-0.08824175506164375,-0.03390850339853044,0.9955217757843937,0.2943101707386726,0.028416152156173047,0.9552874152297887,0.07458895214297204,0.9961272819555628,-0.046550256304731405,-0.29746443008373186,0.9437148560250703,0.14462774060511757,-0.015477820861637426,0.10171955105794332,0.994692701287159,0.1466575390342491,0.9833598183405835,0.10721489596876173
0.9992364833898194,0.023429448023129688,0.03126517596431002,-0.023974125089574656,0.9995652672664957,0.01716152093052717,-0.03084949900625992,-0.017897973063756678,0.9993637830996641,0.9994740953893285,0.028226637186793163,-0.015962130146341402,-0.028272338883306783,0.999596758866732,-0.00264471495476705,0.01588104214940112,0.003094610839775237,0.9998690993745128,0.9999258001219122,-0.012170503269672823,-0.0005225903910416621,0.012145698309706932,0.9993479095334471,-0.03400349575704341,0.0009360892711211543,0.03399462547657453,0.999421577301383,0.999841651956389,-0.0014897077316074455,-0.017732788387449194,0.0008555125759039138,0.9993615429278382,-0.03571798727704896,0.017774676125098154,0.0356971607801706,0.999204570446354,0.9996171752399333,0.027544138761987646,-0.002612161020497139,-0.027568380758426315,0.9995723766603091,-0.009749266640102052,0.0023425088463151556,0.009817547429055112,0.9999490629100981,0.9995688274784692,0.00367231214316967,-0.029131997131011427,-0.003600642573883984,0.999990361956114,0.0025122436058423047,0.029140942098244926,-0.0024062664862998886,0.9995724162736903,-0.11159897231572556,-0.030791790074491548,0.9932761625258518,0.3046715200535413,0.024891991076129306,0.952132161860175,0.1631287596426763,0.9864667177367521,-0.016505228720653964,-0.2750284252004511,0.9567763630477735,0.0945428815132843,-0.014475485927948128,0.11246774836199508,0.9935499312493222,0.1294241101572331,0.9723760292236328,0.19425307591204188
0.9986837655410136,0.032729908193544766,0.03949037293396218,-0.03369634089873759,0.9991424632477046,0.024060231614531854,-0.03866901931595042,-0.025359243777190687,0.9989302356522157,0.998954474085556,0.040622463078575935,-0.02097079392583949,-0.040716760946622174,0.9991623609683765,-0.004089230014985672,0.02078711337501951,0.004938817422174165,0.9997717259454804,0.9998821485318279,-0.014938377755285143,0.003540327303466593,0.01509414190928315,0.9986819652096963,-0.049056082649563924,-0.0028028427350978873,0.04910373952092475,0.9987897510675923,0.9997043200108078,-0.004323007650484804,-0.02392873077665887,0.0030877708463723213,0.9986723539812274,-0.05141979253938841,0.024119250049043084,0.051330702298403245,0.9983904150073878,0.999167027840977,0.04047188363001421,-0.005222749358995845,-0.04053310910654205,0.9991036616250082,-0.01220411380060706,0.0047241445347767945,0.012405642383189907,0.9999118873658193,0.9990700753893315,0.005599414725705609,-0.04275080135255257,-0.0054866043153432974,0.9999811515569293,0.0027556676077939613,0.04276542569228927,-0.002518548313481352,0.9990819662468892,-0.14746289313604818,-0.02016005814956356,0.988862107274494,0.31556125212598746,0.017759541821486997,0.9487390024822263,0.25244427733764735,0.9668920266185923,0.03730543795298678,-0.26936324487751834,0.9629982416643958,0.008822066670355304,-0.020362917694593446,0.1306192697445163,0.9912234651955999,0.13530938647949742,0.9622067279527597,0.2363251628857704
0.998191480063261,0.042370609342404074,0.04264388107418394,-0.04374865318125531,0.9985325778577108,0.03191780540169395,-0.04122892763512049,-0.03372569377770521,0.9985803688763714,0.9981689569315322,0.054630667456554954,-0.025965815825203017,-0.05480058514869304,0.9984800205171347,-0.005877456547106004,0.02560525894377755,0.007289636572119524,0.9996455531402461,0.99984717781518,-0.01610510910640429,0.006800476137088238,0.016517206795264156,0.9977052260728139,-0.06566173731084392,-0.005727381138249195,0.06576402761135154,0.9978187659979296,0.9995041390665717,-0.008326061093203883,-0.030366967175933953,0.0062339846748653786,0.9976420336354641,-0.06834844664489222,0.030864436231131085,0.06812524811234356,0.997199246462695,0.9983890867010231,0.05609692319461567,-0.008506865720941885,-0.056211210556417736,0.9983228324992491,-0.01384997900569018,0.007715657073692229,0.0143058491105344,0.9998678969329636,0.9982910733582104,0.007899080786271044,-0.05790109995539103,-0.007751054513642756,0.9999660939115863,0.002780679976393079,0.05792110157135098,-0.002327133416145016,0.9983184514185965,-0.20238980100583653,-0.0110313813608819,0.9792429101474713,0.3212581595759734,0.010493614404547208,0.9469335134858133,0.31643439081456115,0.9474425744776913,0.04713644425391124,-0.29523356374008325,0.9540201721984081,-0.05179434216060613,-0.02316913817692345,0.15844518802886282,0.9870958987994211,0.15941499991938177,0.9572988439854193,0.24117583026680636
0.997968740685417,0.05266813382946299,0.03583936793088362,-0.054131121280004316,0.9976854000907484,0.04115415112395522,-0.03358890179408873,-0.043010581543216284,0.9985098274687044,0.9970643033032164,0.06966563910175703,-0.03177221753380876,-0.06995069065413843,0.9975187799206364,-0.007948873043014086,0.031139620349017662,0.010148026122782006,0.9994635269034736,0.9998212173696448,-0.016485197224414484,0.009261294183526107,0.01720368403511124,0.996336767010988,-0.08376801273584335,-0.007846435694104429,0.0839123648490764,0.9964422454273674,0.998862910501398,-0.01366623092133387,-0.045674064381013964,0.009747224679370595,0.9963374906222552,-0.08495055262679369,0.046667736560991456,0.08440876087795954,0.9953377735479154,0.9972789579151433,0.07286770033488017,-0.011179371520433613,-0.0730339142673591,0.9972127173618637,-0.015259216839529958,0.010036307412281606,0.01603416912951395,0.9998210729694851,0.9973755071372108,0.011368657771163384,-0.07150420535377201,-0.011226253475847641,0.9999341199211189,0.0023931256703239928,0.07152670127783227,-0.0015841205951919624,0.9974374273939455,-0.2786606162890891,-0.017999129326156903,0.9602209601299513,0.31829205440088165,0.01767154354057097,0.947827982628789,0.3141304697215452,0.9485961488724177,0.038566751703237444,-0.33745176211711053,0.9368855228772965,-0.0914976790251638,-0.01144842155265648,0.1217884048384387,0.9924900594418371,0.24364244096854507,0.9620191151170727,0.12311613666881063
0.9978184058333642,0.06306186697488013,0.019535350363029877,-0.06399603471575581,0.9966153115983232,0.05159872312797349,-0.016215317475263495,-0.052736340614608565,0.9984768108763251,0.9955244425920557,0.08612068376297248,-0.038914162331663234,-0.08658958456100223,0.9961884579609868,-0.010526161259670073,0.037859319160941006,0.01384861197050526,0.999187113557396,0.9997961347433588,-0.015933379349463067,0.01240227296690956,0.017133390999616666,0.9944740638046469,-0.10357501307132656,-0.010683438823426024,0.1037663907167312,0.9945443179127459,0.9977882747978436,-0.018392052815220286,-0.06387715608247933,0.011899009678485537,0.9948577855338229,-0.1005803168189962,0.0653985645455203,0.09959778589898717,0.9928762807114516,0.9958052275138941,0.09080104055396145,-0.011274745687572332,-0.09098771858060371,0.9957013062633338,-0.01732465794720282,0.009653182040055188,0.018277848336403408,0.9997863453441905,0.9964916694198148,0.015758928212250386,-0.0821949448476695,-0.01566446833603456,0.9998756952858077,0.0017939923277199244,0.08221299902484804,-0.0005001582986275413,0.9966146560396433,-0.2749259807351962,-0.025862451666944137,0.9611174947479447,0.31570105453748043,0.025178922410428642,0.9485245732347541,0.32480353899300823,0.9446764076342208,0.04570717577056261,-0.3477853193070631,0.9124560131238032,-0.21556761303289051,-0.0025828049127589545,0.05279849372969984,0.9986018466729658,0.2896110050045904,0.9538753796219641,0.07903939480591282
0.9972854137742326,0.07355047969387063,-0.0034828738075838497,-0.07318450099688717,0.9953149824774724,0.06318318185803819,0.008113709817010338,-0.06275677328122305,0.9979958692902166,0.9934427475047426,0.10428741181295743,-0.04685769059165272,-0.10502761475795651,0.9943760883742739,-0.013615983538931821,0.045174191398216615,0.018448051572803402,0.998808771399553,0.9997493969365633,-0.013259949715676612,0.01803654785473246,0.015384270044739173,0.9922553364725907,-0.12325855539010906,-0.01626245861390175,0.12350514554140556,0.9922106688927647,0.9967605016398505,-0.02117348972181452,-0.07758985567504277,0.012096752318932563,0.9932177825906338,-0.11563781790175369,0.07951208055388913,0.11432462411372697,0.9902563856735522,0.9939105317000746,0.10959894856441216,-0.011398484515499074,-0.10981211401063096,0.9937481158057377,-0.020148993748123213,0.009118913980892866,0.02127798877058302,0.9997320103916287,0.9955196947877463,0.01974204948953762,-0.09247047513485014,-0.01973511315642439,0.999804754021903,0.0009895170059061099,0.0924719557401887,0.0008398316227076603,0.9957149351518385,-0.26844534863524877,-0.023083480993584343,0.9630183008132912,0.32067282268463615,0.04086714085061612,0.9463079929865137,0.3701933730166408,0.9276056168361775,-0.050046839945564844,-0.2812317964698315,0.9178638144138762,-0.2800619482256751,-0.0011980466032648904,0.025658164728236652,0.9996700572024326,0.3070678506759609,0.951017873927583,0.03569787880960886
0.9957391304207195,0.08429495871391553,-0.03738909044639084,-0.08133262049016261,0.9938831479500206,0.07470805221099219,0.043457899088569604,-0.0713487782402504,0.9965042713658737,0.9908135163547763,0.1239081640858387,-0.054178802880464755,-0.12498870893632484,0.9920121774746773,-0.017019470625728887,0.05163718085947423,0.023634860160920187,0.9983861952862026,0.9996245331102357,-0.008918241082448404,0.025908642962119158,0.012505941517111136,0.9898164449202119,-0.14179917768549835,-0.024380201617579644,0.14206994876295362,0.9895563326196128,0.9958277736870854,-0.021957946526523088,-0.08857140474081532,0.010542956703867352,0.9918026586419176,-0.12734336407824348,0.0906415534805276,0.12587825425847804,0.9878961351718482,0.9915108286844806,0.12943538870286553,-0.01235948027840237,-0.12968994385736654,0.9912951966531953,-0.02267931997603377,0.009316386836495574,0.02408969164684998,0.9996663901985862,0.9946862316853828,0.02313689013921113,-0.10031941392481902,-0.023387115130423283,0.9997256141825261,-0.0013187847615976486,0.1002613751222744,0.003657958728194002,0.9949544090040174,-0.25307915265958464,-0.04032628141403582,0.9666047452378984,0.3302980288469938,0.05509048147375652,0.9422676111332599,0.3773426710796387,0.9120895221191759,-0.16032845107122068,-0.2822681590165532,0.9306306983857746,-0.23291884772901356,-0.07097426596390988,0.07462466990673777,0.9946827696367292,0.33353072363235514,0.9426540075648853,0.012675898987387598
0.9919151362101994,0.09490718115584498,-0.08424363193828385,-0.08758271932922018,0.9923722532666002,0.08675585410489459,0.09183479641182016,-0.07867615847016388,0.9926612877796621,0.9876621724267769,0.14489624077147745,-0.05940128422444288,-0.14639053869241536,0.9889909300712058,-0.02160440737986887,0.05561693391911725,0.03003364192343186,0.9980003692455485,0.9993668557158384,-0.004105375032231457,0.035341669350547965,0.00965478643164346,0.9873407590278406,-0.15831933129370868,-0.03424431041206822,0.1585603085837451,0.9867552663889003,0.9954951075724708,-0.020671674488026134,-0.09253200891116399,0.008027957835010433,0.9908157175439093,-0.13498061253731028,0.09447244408966,0.13362969633210006,0.9865181506520377,0.9885215763261648,0.15047969013888102,-0.013451988453042815,-0.1507648974378082,0.9882888033742149,-0.023562402800431478,0.009748786498925006,0.025320031217772144,0.9996318608272395,0.9939639225015088,0.02579105265501569,-0.10663274529130426,-0.02642225056453782,0.9996406950165201,-0.004510603284799698,0.10647809840769482,0.007300854048279081,0.9942882439663291,-0.2278807585294529,-0.05884029311801307,0.9719095533010402,0.34689983536796654,0.06255491413218532,0.9358137565453889,0.36489204536203496,0.8889155414571438,-0.27691687450833263,-0.23264067746903008,0.933378766426513,-0.27328079619847345,-0.09531373935715017,0.11628056340281688,0.9886324502384497,0.36542659965815494,0.9305891186191241,0.021616950986681763
0.9840748935318666,0.10619598305969616,-0.1425447898108889,-0.09259254634290143,0.9907794221326621,0.09890782092537494,0.15173405775231683,-0.08413411829010338,0.9848341108316485,0.9839842189971097,0.16668748160468425,-0.06316913994140527,-0.16871402183859088,0.9852616579084588,-0.02819652976029786,0.0575381230115848,0.03840245997021469,0.9976044383765243,0.9988627890628584,0.000574047097931055,0.047673882739894785,0.007723727714404594,0.9847709308625769,-0.17368522607938663,-0.04704755738358389,0.17385592943004063,0.9836466048059411,0.9960675432614176,-0.018287599245607362,-0.08668917449714446,0.005970953795172473,0.9900967106304561,-0.1402599419275759,0.08839568412507602,0.13919075871832554,0.9863123925590092,0.984921941316535,0.17239846287091426,-0.014406231742339,-0.17270481114116715,0.9846871560473097,-0.02375400859128994,0.01009047679556139,0.025883869788099485,0.9996140292947229,0.9936742053306803,0.026730112460629427,-0.10907371245301381,-0.027785379714280144,0.9995805552057458,-0.00816616976958805,0.10880967941582176,0.011145166773744029,0.994000120182594,-0.21407108146659426,-0.06346174284990186,0.9747544199818617,0.31748155277198736,0.03857037752043086,0.9474797040715011,0.3138578252479427,0.858784835632543,-0.40494675158373344,-0.14298240134338408,0.9561094311858804,-0.25575532937456374,-0.09952050822818255,0.13144533554335794,0.9863152600491885,0.3832368910901478,0.9235584543222818,0.013010255854364263
0.9704360348360369,0.11946478487011716,-0.20971902028105838,-0.09774265592304132,0.9889925850451873,0.11108573238156212,0.22068138912201068,-0.08730310361937148,0.9714308480759735,0.9796828860080067,0.18886469608668366,-0.06746532024016255,-0.19155412762134394,0.9808270621499392,-0.03585094622942791,0.059400833784122524,0.04804581903146273,0.9970772990191619,0.9982194263360693,0.0036050712873075363,0.0595397375397512,0.0076539759807267745,0.9821787222673558,-0.18779343486115585,-0.059155672060889355,0.18791477053781097,0.9804022875721714,0.9976686776596979,-0.014747297332611018,-0.06663127522517619,0.005142221507719043,0.989841222603386,-0.1420841708037863,0.06804974044561203,0.1414102940256385,0.9876094175173034,0.9805083495517621,0.19587808331331083,-0.01533469715331322,-0.19621414573896975,0.9802466079058803,-0.024831365265373977,0.010167864633565062,0.027356245475571948,0.9995740344578157,0.9937192948083247,0.02611957423675862,-0.10881052783318554,-0.027462657521137905,0.9995638054125503,-0.010862842678510986,0.10847933244412356,0.013782842626680726,0.994003152752347,-0.16732368936507017,-0.07711543505976103,0.9828814743664698,0.27389949777435324,0.032392845143949946,0.9612126552966503,0.2665048309666037,0.8600200119022162,-0.4351330304621495,-0.08518941948646366,0.9744510615405961,-0.20781696627071783,-0.08976668263294481,0.09729726741364883,0.9911988622082417,0.38492834988407604,0.9225139011574686,-0.028253630328696308
0.9515392796846763,0.13629527814906067,-0.2756748018434712,-0.10536220119477441,0.9866559026238012,0.12413273692706334,0.288914876350386,-0.0890714711447039,0.9532022173975252,0.9744393878076666,0.21175322686045522,-0.07502299916162158,-0.21542227474483716,0.9754989992527964,-0.04466481837590671,0.06372694118487082,0.05968478341233568,0.9961810094537251,0.9977667411971742,0.005749985315589742,0.06654673417712817,0.007612211424649635,0.980008220416817,-0.19881132299919352,-0.06635950872329668,0.1988738936721804,0.9777758383278188,0.9989798414883206,-0.01062735869446282,-0.04389003927030694,0.004328240015258274,0.9899726168575039,-0.1411930742305588,0.04495044647542643,0.1408590682898513,0.9890086856252451,0.9752624698574708,0.22045246178003855,-0.016242751695037673,-0.22082744556994818,0.9749433318189857,-0.026846583111202554,0.009917367118221498,0.02976931031810738,0.9995075957653482,0.9939937236454112,0.025112462224486005,-0.10651686061161357,-0.026583268643870225,0.9995695594696314,-0.012410705455165209,0.10615934806571665,0.015167729649186282,0.9942334397894447,-0.11745599702930243,-0.0948998494814366,0.9885333111889822,0.22676788463187,0.03115826715516848,0.973450301190294,0.20383555542779147,0.8624299433267913,-0.46332025554338907,-0.21497180975709207,0.9394788806420442,-0.26677060152372944,-0.07963026520779498,0.06373517536321759,0.9947848251176513,0.3655584738866119,0.9296505903454108,-0.046008499650830516
0.9275327234423336,0.15533312746772066,-0.33993332648439223,-0.11389345371792009,0.9837547529560285,0.13876190844978772,0.3559653468300693,-0.08999003026735863,0.9301561515727498,0.9680677883169369,0.23543062382995958,-0.08612304329382882,-0.24049088059569698,0.9691529710794926,-0.05391340276868639,0.07077353723999426,0.07290363510023667,0.9948246912977737,0.99761290586141,0.0067207694813329584,0.06872642371266006,0.007687499546932919,0.9782570755967579,-0.20725345930911432,-0.06862501300159589,0.20728706014234843,0.975870217953224,0.9997188557772019,-0.006847915299145942,-0.02270056077673757,0.0036009885550411023,0.990130767917159,-0.14010030444365132,0.02343591869223599,0.13997917159289466,0.9898770576365624,0.9692460140703079,0.24543209986290204,-0.018034649031980043,-0.2459029197854105,0.9687759359295472,-0.03170078871005105,0.009691142854699363,0.03516063595437102,0.9993346843922979,0.994343248088596,0.024001359506468898,-0.1034670948778517,-0.02542022848670619,0.9995997434846093,-0.01241631222171765,0.10312767312562028,0.014976233416475554,0.9945553757676597,-0.03649912316823668,-0.1039470127722653,0.993912889816644,0.1477748094802595,0.0404398807750098,0.9881939190897585,0.13439566285227078,0.8783342856933904,-0.45876648567869516,-0.3392271364896996,0.9120182898435111,-0.23053760834171128,-0.07470695979095845,0.0419828563000853,0.9963213888779455,0.35778809411782597,0.9323033284487529,-0.05289785884996379
0.8979233863475323,0.1770951154738031,-0.40295274204985976,-0.12435719594894121,0.9802601249459099,0.15370548219483254,0.422218995387343,-0.08790567397130676,0.9022215428694625,0.9606995412548452,0.2596785884421952,-0.09809904248971307,-0.26647822950461425,0.9617214056200452,-0.06388498393433596,0.07775438658246672,0.08751553391754639,0.9931240036824761,0.9978069107862517,0.006756111651302773,0.06584621281859908,0.007525938489224581,0.9767468883369042,-0.21426356753781461,-0.06576267206442814,0.21428922296636937,0.9745539491908163,0.9999325029428184,-0.0037951088212797206,-0.01098119791030718,0.002232333240862713,0.9902936592659364,-0.13897296537810352,0.011402028188547393,0.138939071418793,0.9902352893057647,0.9622961848483323,0.27116808706451834,-0.02130542616597146,-0.27180575793292916,0.9616295273675233,-0.03728648615007192,0.010377021771674141,0.04167158087574033,0.9990774728550667,0.9946114505280471,0.02306182741025604,-0.10107529171361979,-0.024426543774833987,0.9996261409178471,-0.012285045905828245,0.10075418818942414,0.01468776736579633,0.9948029267408184,0.20281763503992373,-0.0874435637386512,0.9753043781699623,0.1394018374565442,0.04496833672746188,0.9892143227863741,0.1431540893570464,0.8815363932284258,-0.4498894243191022,-0.44182071856950594,0.8810436403347788,-0.16898685294532906,-0.08020549735812564,0.08238795777580751,0.9933676573188135,0.3280572732389814,0.9446534731765839,0.0028707299457439847
0.8605869947416475,0.20153524567699022,-0.46773236923635625,-0.13556225878395733,0.9758890469160376,0.17106560759749279,0.4909306452798921,-0.08380998066592782,0.8671579952153159,0.9529186935511874,0.28410017394253567,-0.10598610591261219,-0.2927556628289107,0.9530421660220877,-0.07749033272307501,0.07899421094171173,0.10487001930842135,0.9913436304773173,0.9980911330718414,0.006123562130596651,0.061453983355036525,0.007549502767201871,0.9755116639584798,-0.2198181031874457,-0.06129514737184661,0.21986244669745503,0.9736033121558662,0.9999629212505861,-0.0016864562940614746,-0.008444642630854244,0.000496031925770012,0.990287959643851,-0.1390306115096509,0.008597096970677795,0.13902126761609923,0.9902520775409108,0.9542567441075898,0.2978979336098639,-0.025512496470468403,-0.2987550788026771,0.9534048195529181,-0.04200777241028472,0.011809708497194116,0.047708188020938735,0.9987914995538211,0.9947914092216837,0.022151142913798987,-0.09949562305121212,-0.02354673165749461,0.9996398390056135,-0.012874148557512215,0.09917461150408596,0.015149889123139013,0.9949547111766294,0.33924875684808536,-0.07478261323173674,0.937719489898371,0.16717060739513123,0.043739652338990104,0.9849572736095749,0.18499030249130832,0.8715857277486967,-0.4540009990836464,-0.5220916521198323,0.844556373849672,-0.11893207379288835,-0.09230251068156795,0.14964745418178835,0.9844215997116219,0.32009820421312407,0.9462922758697698,0.045476018831295435
0.8176482485867624,0.22637515791310872,-0.5293445281315514,-0.1459350393545216,0.9709171299408779,0.18979697330558906,0.556914989806877,-0.0779372482654048,0.8269047583979805,0.9451446230096389,0.3082570476221868,-0.10807050563044791,-0.31873680627579876,0.9426974722233258,-0.09863226748309083,0.07147370090510054,0.12766780508415143,0.9892383138677573,0.9983001005019617,0.004275433485125086,0.05812598391673095,0.008873973047791453,0.9745281832260653,-0.2240894301399604,-0.05760348895788227,0.22422430904480317,0.9728336431750602,0.999879488251708,-0.0003253868888728526,-0.015521053342966216,-0.001869459215050525,0.9899812725809688,-0.14118634870698013,0.015411492327023874,0.14119835006946177,0.9898613599095158,0.9451083321528451,0.32533233772599385,-0.030481314358269368,-0.3264376816450741,0.9441912324866433,-0.04406082724533294,0.014445777841881842,0.05159250454371941,0.9985637350602361,0.9949431818554556,0.021108185196665078,-0.09819627995522638,-0.022740054105676446,0.9996207996089241,-0.01552890622311382,0.09783125685900602,0.01768336808751785,0.9950459002852425,0.45514031494280277,-0.06700522229450905,0.8878950354062296,0.15498700994846637,-0.005738697565764318,0.9878998401141091,0.31627277529850223,0.8619865352364361,-0.39617009563578526,-0.49522866479121513,0.861063640232612,-0.11540353997375201,-0.10222395174069794,0.2092824740089159,0.9724973572011508,0.3171543614957139,0.9454288652514625,0.07468180322928612
0.7693514095239853,0.25096175278922794,-0.58746626056346,-0.15584560585120982,0.9655515249652822,0.20838042080312397,0.6195244594044096,-0.06876373516742751,0.7819597131089923,0.9374075443708587,0.33157467578320926,-0.10642053437122186,-0.34349751457241057,0.93065428213298,-0.1260637324139042,0.05724118481629607,0.15472828289232546,0.9862974222991863,0.998452914985721,0.0013066049516234435,0.055588392133761697,0.011413238456505603,0.9736213337703148,-0.22788426100818818,-0.054419799195250695,0.22816614825782874,0.9721001462013751,0.9997397205218618,0.001268454912313815,-0.022778986654484287,-0.004573661194971476,0.9893269347497533,-0.14564098942925005,0.022351126015110703,0.14570726543584825,0.9890752347344786,0.9345221190036622,0.3540092912040807,-0.036685567108737056,-0.3554095770068428,0.9336873497315233,-0.04372602798267003,0.018773429753839825,0.0539013422143506,0.9983697730013511,0.9951314155575486,0.019921420632822043,-0.09652255057964283,-0.021952856590423845,0.9995583362960698,-0.020030088081512985,0.09608089226245674,0.022051515616915228,0.9951292342208861,0.604425823225111,-0.052325953857391305,0.7949411417026805,0.13306695575531585,-0.0290401457176686,0.9906815104879617,0.3286966506785149,0.8614594552995131,-0.3870996237505176,-0.28744190051042523,0.9509659752116002,-0.11419661913036117,-0.11172368080460425,0.24525704820173005,0.9629988574525129,0.34229137271476895,0.9365664025829034,0.07536570651136963
0.7163251496633751,0.27369296189141123,-0.6418492366364938,-0.16391502970033955,0.9601253723913865,0.2264754563493322,0.6782404757886986,-0.05702132847810537,0.7326243410510682,0.93008667566661,0.3530848608903353,-0.101340301743615,-0.3656240747372881,0.9164517048804273,-0.162589386474826,0.035465641400324016,0.18827467602365136,0.9814758451680066,0.9986591398174931,-0.003396173138423844,0.05165644651927396,0.015243137463361572,0.9728989908448659,-0.23072754576191065,-0.04947291399602236,0.23120557869795302,0.9716462376604392,0.9995792565585507,0.0026296490963831063,-0.028885892810938764,-0.006972731209552229,0.9884630275685509,-0.1513017651896159,0.028154766511809128,0.1514395195305513,0.9880654740689108,0.9227338280277956,0.38298928312222497,-0.0433761642690406,-0.3847020783430903,0.9220719750855082,-0.0422798259269941,0.023803225236875773,0.05569992617081532,0.9981637764880512,0.995385119057561,0.018890458216431066,-0.0940830236925794,-0.021343689511245705,0.9994561300371066,-0.02513744317343404,0.09355699694203917,0.0270295157119649,0.9952469510646913,0.6453990446967307,-0.057139428502428424,0.76170542784922,0.08532419973038856,-0.040883697534454484,0.9955140904157409,0.30059833076133974,0.8768102455767017,-0.37529246834331753,-0.20380118026985872,0.9710322984043893,-0.12474515772606885,-0.10137909652347141,0.24277311692273085,0.9647712125098399,0.360109255639844,0.9310710987830713,0.058548552615771
0.6646828790131083,0.2946306932693906,-0.6865780545068737,-0.1720822932130321,0.9546246257063473,0.2430627662920835,0.7270380696424289,-0.04341173319062741,0.6852233699400482,0.9229758992161291,0.3720998088834771,-0.09827116410757603,-0.38466122617061976,0.900082935437012,-0.20466179520371522,0.012297582977707604,0.22669901094617065,0.9738872254470405,0.9990967988748719,-0.008928783157024386,0.04154351103744895,0.01835042074548956,0.9724692116718868,-0.2323077579606898,-0.03832555983214481,0.23286027823910582,0.9717547233134289,0.9995579084857054,0.003221582872678561,-0.029556877160432662,-0.00784112816946939,0.9874813778560478,-0.1575406141176025,0.028679335639313464,0.15770272601104857,0.9870700815625869,0.9094586057103671,0.41271273520806456,-0.05052962197002102,-0.414743760531006,0.9090707834671612,-0.039723088336651134,0.029540778594255624,0.05708334996721714,0.9979322790433054,0.9957344470881341,0.018596813373194205,-0.0903718397204035,-0.021419769311926965,0.9993092428512661,-0.03036825043780046,0.0897446620402102,0.03217445701782271,0.9954449758529582,0.688903031309442,-0.06241770561633907,0.7221610924705472,-0.07862284782124912,-0.02879434251506053,0.9964885015089748,0.2027887227719687,0.8983965619013736,-0.3895643098132903,-0.1514736261314714,0.9756521475542428,-0.15861471419568046,-0.08341278137193918,0.2393050105952833,0.9673548572306795,0.37183096581336317,0.9272103019331595,0.04497542497098636
0.6176949272280321,0.3140288568945343,-0.7209985117281922,-0.18075844271006303,0.9489605574912907,0.2584574350156162,0.7653622425138235,-0.029321278337253773,0.6429314896401329,0.9156328258141277,0.3899678615133455,-0.09768108966603128,-0.4018691848773951,0.881312688254149,-0.24857414139089967,-0.010848342620560524,0.26685766338809375,0.963674893806741,0.9994899942044796,-0.014771862488962654,0.0283115447077079,0.02097929836865905,0.9721529925865541,-0.23340614397433096,-0.024075309449478416,0.2338810618318946,0.9719670922368192,0.9995106340487175,0.00014928709156634056,-0.03128050729919725,-0.0054519859033339765,0.9855142967389032,-0.16950471017920113,0.03080208228741506,0.16959230123030175,0.9850328335086959,0.8945169836028506,0.4434706870601654,-0.05633041597966492,-0.4456912963220648,0.8944805761929508,-0.03554950346043886,0.034621300218430746,0.05690561072434889,0.9977790923041401,0.996723665453978,0.016889798858706853,-0.07909911136352482,-0.01963965173612319,0.999224867886416,-0.03411667447244177,0.07846157533258347,0.035558375833088775,0.9962827826999935,0.7357369960371598,-0.06588040612261589,0.6740555205258211,-0.14202066141252012,-0.014584975337837099,0.9897562377809725,0.2033259617975296,0.8902147117470948,-0.4076472988358275,-0.1956253071602859,0.9517721112846594,-0.23634844484190135,-0.033534593796712094,0.27651883076067496,0.9604232229874696,0.36641500116749287,0.929708763576913,0.03717071223038069
0.5770956005608677,0.3314180306671475,-0.746406562646659,-0.18920988852914133,0.9433470982233343,0.2725726882070261,0.7944559685068023,-0.01607299668152995,0.6071090288256255,0.9088499972782668,0.4047225251517727,-0.10095226635428615,-0.41588993389341206,0.8606277257768733,-0.2938630301862753,-0.0320506682212305,0.30906244556545376,0.950501530460458,0.9996617202574392,-0.020477295469822174,0.016035130875027642,0.023669216188580235,0.9718156659353632,-0.23455080397991643,-0.010780225273894599,0.23485099917362187,0.9719716019155065,0.9993854281346204,-0.003297471471932918,-0.03489831964540956,-0.0031761663559659497,0.9829523119284828,-0.18383325173028384,0.0349095688810478,0.18383111585458664,0.9823377437746128,0.8779887537604458,0.4748280133511781,-0.060614404287701214,-0.4770915014264153,0.8783403579627413,-0.030031897052507233,0.03898009154514869,0.05528628501587994,0.9977093660742467,0.9973425459354357,0.014046692856206197,-0.07148801638614764,-0.016623831370372842,0.9992284309280237,-0.03558357845535538,0.07093302684640009,0.036677421459563236,0.9968065371261792,0.7558470240197332,-0.05835350820159222,0.6521427331198896,-0.20107306442258088,0.02666393578177872,0.9792132848835017,0.2643472279587566,0.8721371924284134,-0.4117004501498703,-0.2574085508133483,0.9381988909566703,-0.23135185103181172,-0.019259342734088435,0.305324778981051,0.9520534948508006,0.1605745593729472,0.9793497075273078,0.12284120338209162
0.5403988830564963,0.34680526124426103,-0.7666127822862014,-0.19691451860716735,0.9379312596440637,0.28549890462873506,0.8180426147536561,-0.0033261021932330104,0.5751479961637713,0.9036939890989687,0.41412126315978176,-0.10881522625690108,-0.42530341488732,0.8387519359404537,-0.3400179337054531,-0.04953967452030687,0.3535516501942658,0.9341022702538166,0.9995964827300109,-0.02628283148750514,0.010774250915499852,0.028086886138247162,0.9711759959733809,-0.23670300309072617,-0.004242468720907717,0.23691010449980937,0.9715223125821872,0.9993208208982994,-0.008869562344805498,-0.03576629395060466,0.0017617162311111918,0.9809901453505733,-0.1940495583117436,0.03680751655668297,0.1938547538464645,0.9803395029968224,0.859843752759389,0.5067294630199847,-0.062401699881723456,-0.5088136031256164,0.8605753501598062,-0.022776829710352584,0.042159674037856705,0.05133534849209419,0.9977911825027403,0.9977485897201936,0.010873491259966768,-0.06617793362733723,-0.013316036891763439,0.9992419955309344,-0.03658028880221294,0.06573001500731626,0.037379159369567636,0.9971370836409418,0.7246133456782173,-0.04682958063210285,0.6875627168795888,-0.31226536033750507,0.07509707440387686,0.9470220557881779,0.4380232291375912,0.8206272918936639,-0.3670238391918823,-0.12531783634808102,0.9856467088865425,-0.11311942872098926,-0.01229086000135247,0.3171304757360385,0.9483022704390521,0.08303480205071735,0.9732731481455029,0.2141135230370564
0.507440622786881,0.36056822051317483,-0.7826203247435025,-0.20503681499960336,0.9326805414808297,0.2967606982702478,0.836937225149223,0.009877545190438763,0.5472097543543335,0.900121937940852,0.41836167237826594,-0.12146607724984489,-0.43117653153921776,0.8157702095986141,-0.38549418125471496,-0.06218758306458551,0.3993650913841789,0.9146803968033269,0.9994329255940917,-0.032267594922728494,0.009624424987360582,0.0336329607223859,0.9704390983775857,-0.23899117199834985,-0.0016282479789860244,0.239179344129047,0.9709740419550451,0.9993989448330174,-0.018454102771698566,-0.029346126789465778,0.012193358887512199,0.9795681147189522,-0.20074269756331986,0.03245105646496183,0.20026421227181296,0.9792043577402311,0.8405506015944856,0.5382185917924077,-0.06160709056712618,-0.5399541460769547,0.8415638185075716,-0.014827660410925909,0.04386577587886793,0.04572840285810074,0.9979903340607023,0.9981591961044235,0.007723079425492028,-0.06015457818286692,-0.010024008665958983,0.9992258279508025,-0.03804292320916159,0.059814199672284234,0.038575883660921205,0.9974638653692389,0.7406248750005793,-0.06663689108527433,0.6686062512995714,-0.4033392988142511,0.07399670801795136,0.9120536701502463,0.4384050539529073,0.8258967738383808,-0.3545356507206333,0.037692231968095805,0.9559122975674279,-0.29122323912872106,-0.030771045862993653,0.2717076407425543,0.9618877796804638,0.06515586386241971,0.9707263672604662,0.23118181872638693
0.47962678090156424,0.3712746359775409,-0.7950555299611137,-0.21403814095944268,0.9282075265424958,0.304332814340629,0.8509675817894762,0.02420603952749198,0.5246601208342072,0.8958980934440096,0.41993496956756576,-0.14498699078771124,-0.4395096884049367,0.7901947402271076,-0.427110648796783,-0.06479073978265484,0.4463708030905484,0.8924994488439277,0.9992067240290796,-0.038539169623295545,0.01003269952811114,0.03982095977424433,0.9698382626057785,-0.2404746047890767,-0.0004624042955279342,0.240683353787817,0.9706035799396764,0.999304573473653,-0.029306718776342583,-0.023053972959218797,0.02391654425474872,0.9781113952897561,-0.20670292043228788,0.028607138017471587,0.206007802373819,0.9781321061163254,0.8204624238902734,0.5687013980214484,-0.05848188499482398,-0.5699737665665601,0.821637804023083,-0.0064206250517052504,0.04439950911920134,0.03860102185922491,0.9982678221306133,0.9986524356309212,0.005348971913147149,-0.0516207449374885,-0.0074161688333905275,0.9991746464851564,-0.03993777987191614,0.05136451351140715,0.04026678930254243,0.9978678632118589,0.7654585767649017,-0.07659332530042454,0.638910502164798,-0.4684102150295176,0.06985022580081526,0.8807456025502348,0.36872521125284435,0.8547343569593936,-0.36533669076587016,0.02525796685327711,0.9553783711241846,-0.2943029104486374,-0.04735058516957062,0.2168268101463479,0.9750610526966291,0.04822197349588357,0.9726811175665812,0.22708166989343032
0.4551429826314243,0.38047124744823374,-0.8050381948867742,-0.2227843005168723,0.924015156745501,0.31074611107428973,0.8620974543545403,0.03791595930174746,0.505322035167327,0.8910357189332272,0.418506366371501,-0.1758060547639625,-0.4498866765166332,0.7625746219729826,-0.46484612961234867,-0.06047582887372969,0.4932873069817277,0.8677616647978578,0.998940370773695,-0.04556704158997051,0.006463772834049878,0.045783016708091394,0.9695475011140324,-0.2405858650557871,0.00469585131993426,0.2406268642613968,0.9706063368720133,0.9989507519499964,-0.04075674580446782,-0.020887384948027332,0.03543636126904483,0.9767958867997251,-0.21122040581143858,0.029011368091608924,0.21025861029353604,0.9772152563887264,0.7995567799974047,0.5983004236361549,-0.05239807856190251,-0.5990328307512462,0.800721644948848,0.002124851185262242,0.04322757502255174,0.02968923015520071,0.9986240165199618,0.9990392694284796,0.0029948936207727485,-0.043721490734078036,-0.004800978801764908,0.9991368058933285,-0.041262497644013234,0.04356017380997028,0.04143276145126521,0.9981912830395624,0.7670397302015214,-0.07880732061917868,0.6367412806699465,-0.5016384729923155,0.10101067056027915,0.8591598726936104,0.16654320563340533,0.8808852338764008,-0.4430627104551545,-0.07229581738286293,0.9643566730117439,-0.2545378596725138,-0.07024110475176176,0.17427612806748158,0.982188382332564,0.022598073058477545,0.971598211313783,0.23555518008717477
0.4316514883586857,0.3894035045901747,-0.8136595745215692,-0.2310585818218679,0.9196581063748096,0.31755456089555134,0.8719454824495615,0.0509301285290846,0.4869468119248881,0.8875345673359323,0.41249961130172436,-0.20524732022549297,-0.45730583207340086,0.7343840633415023,-0.5015490239863688,-0.056158416425984334,0.5390028925580558,0.8404297198924935,0.9985998370209853,-0.052899451529414214,-0.00011631658672422822,0.05132272598491008,0.969363661460248,-0.24020838794234306,0.01281964504731026,0.23986608736598947,0.9707213384038657,0.9987268668410342,-0.04751674403032241,-0.016935302968886873,0.04277317254838592,0.9756674027205139,-0.21504319328626212,0.026741375432785326,0.2140450380302321,0.9764576900893348,0.778203306635517,0.6263695861151631,-0.04539554087645726,-0.6266317966853924,0.7792516798963897,0.009970494545965174,0.041619766029904255,0.020687217516458106,0.9989193331330823,0.9993517733411398,0.0007750258911763355,-0.03599211656442724,-0.002306780844726695,0.9990922688122028,-0.04253606895118127,0.035926478842960845,0.04259152186237598,0.9984464183837775,0.7805939245399692,-0.07001597977334625,0.6211045705416016,-0.49384360959950535,0.1372031637987582,0.8586581281868487,0.10140048296549324,0.8815268007781246,-0.4611165162561944,-0.21309231951151705,0.9387641781949836,-0.27076462306420035,-0.11180873178076037,0.08412403357975608,0.9901625899173581,0.024868817085064873,0.9700614888017352,0.24158280129295323
0.40871827046695913,0.3979746126398308,-0.821319415989099,-0.23827425579068207,0.915237359584365,0.3249091482990848,0.881007806102701,0.06290296745954552,0.4689013353264086,0.8861149657743148,0.40246465004228976,-0.22983140102501667,-0.4602339921637682,0.7056624267719357,-0.5387255441310936,-0.054634603391855524,0.5831489903178086,0.8105259497409907,0.9981333944847337,-0.06010734432973404,-0.010808976455241988,0.0557925077328458,0.9694416096754542,-0.2388936196526495,0.0248379325883522,0.23784463960218066,0.9709855840934228,0.9986406834292294,-0.052105042013871304,0.001360145850220192,0.051134134742830024,0.9743066133298078,-0.2193443035182403,0.010103745053358624,0.21911569505293893,0.9756465684444157,0.7566574086570121,0.6527452107960945,-0.03732634066202033,-0.6526729068437658,0.7574755893468439,0.015773655751294732,0.03856997013952883,0.01242663777589901,0.9991786307147598,0.99960179383966,-0.0009640462768099112,-0.028201495834618347,-0.00032162822265361177,0.998962060588936,-0.04554885354422607,0.02821613559331291,0.04553978610712979,0.998563957677973,0.8076371306071962,-0.07569554322526675,0.5848012055394606,-0.4769072468056975,0.19867401338749385,0.8562056495659879,0.07048767419864199,0.8910312963960142,-0.4484358556459379,-0.132888143157907,0.9769998691812748,-0.16676929282039796,-0.12367040115698362,0.04844141409989557,0.991140283349271,0.028422738437679746,0.9688983216782017,0.24582145998441057
